{
  "advancedEditorSelectedIdentifier" : "ProjectBrowser",
  "openSceneRelativePaths" : [
    "Immersive.usda"
  ],
  "recentIdentifiers" : {
    "AF09ED6F-1707-48FD-8720-65B998362C09" : [

    ]
  },
  "sceneCameraHistory" : {
    "AF09ED6F-1707-48FD-8720-65B998362C09" : [
      {
        "date" : 736824108.667683,
        "title" : "Untitled",
        "transform" : [
          0.9038636,
          -3.5469096e-08,
          0.42782077,
          0,
          0.22762528,
          0.8467083,
          -0.4809074,
          0,
          -0.36223915,
          0.5320575,
          0.76530874,
          0,
          -2.5680914,
          2.5295079,
          1.9987121,
          1
        ]
      },
      {
        "date" : 736824054.453534,
        "title" : "Untitled",
        "transform" : [
          0.9038636,
          -3.5469096e-08,
          0.42782077,
          0,
          0.22762528,
          0.8467083,
          -0.4809074,
          0,
          -0.36223915,
          0.5320575,
          0.76530874,
          0,
          -2.091043,
          1.8288198,
          0.9908459,
          1
        ]
      },
      {
        "date" : 736824039.750553,
        "title" : "Untitled",
        "transform" : [
          0.9038636,
          -3.5469096e-08,
          0.42782077,
          0,
          0.22762525,
          0.8467082,
          -0.48090735,
          0,
          -0.36223915,
          0.5320575,
          0.76530874,
          0,
          -2.0675294,
          1.9366727,
          0.92699385,
          1
        ]
      },
      {
        "date" : 736824031.183514,
        "title" : "Untitled",
        "transform" : [
          0.9785099,
          -3.5309192e-08,
          -0.20619991,
          0,
          -0.10879469,
          0.8494819,
          -0.51627916,
          0,
          0.17516322,
          0.5276178,
          0.83122635,
          0,
          -0.21825725,
          1.9209851,
          1.581334,
          1
        ]
      },
      {
        "date" : 736824023.03335,
        "title" : "Untitled",
        "transform" : [
          0.9785099,
          -3.5309192e-08,
          -0.20619991,
          0,
          -0.10879469,
          0.8494819,
          -0.51627916,
          0,
          0.17516322,
          0.5276178,
          0.83122635,
          0,
          -0.010087201,
          0.17748009,
          0.2294506,
          1
        ]
      },
      {
        "date" : 736824020.083702,
        "title" : "Untitled",
        "transform" : [
          0.9785099,
          -3.5309192e-08,
          -0.20619991,
          0,
          -0.10879469,
          0.8494819,
          -0.51627916,
          0,
          0.17516322,
          0.5276178,
          0.83122635,
          0,
          -0.056833744,
          0.999966,
          1.2927804,
          1
        ]
      },
      {
        "date" : 736823993.034333,
        "title" : "Untitled",
        "transform" : [
          0.9785099,
          -3.5309192e-08,
          -0.20619991,
          0,
          -0.10879469,
          0.8494819,
          -0.51627916,
          0,
          0.17516322,
          0.5276178,
          0.83122635,
          0,
          0.0970099,
          1.8294927,
          0.73382235,
          1
        ]
      },
      {
        "date" : 736823989.600988,
        "title" : "Untitled",
        "transform" : [
          0.9785099,
          -3.5309192e-08,
          -0.20619991,
          0,
          -0.10879469,
          0.8494819,
          -0.51627916,
          0,
          0.17516322,
          0.5276178,
          0.83122635,
          0,
          -0.31104177,
          1.7345444,
          0.88007903,
          1
        ]
      },
      {
        "date" : 736823984.466898,
        "title" : "Untitled",
        "transform" : [
          0.9785099,
          -3.5309192e-08,
          -0.20619991,
          0,
          -0.10879469,
          0.8494819,
          -0.51627916,
          0,
          0.17516322,
          0.5276178,
          0.83122635,
          0,
          0.06541848,
          1.2935158,
          1.0806893,
          1
        ]
      },
      {
        "date" : 736823980.632877,
        "title" : "Untitled",
        "transform" : [
          0.9785099,
          -3.5309192e-08,
          -0.20619991,
          0,
          -0.10879469,
          0.8494819,
          -0.51627916,
          0,
          0.17516322,
          0.5276178,
          0.83122635,
          0,
          -0.41710508,
          1.1258293,
          1.2888091,
          1
        ]
      }
    ]
  }
}